<?xml version="1.0"?>
<opencv_storage>
<calibration_time>"Sak 09 Pet 2019 06:24:36 -05"</calibration_time>
<nr_of_frames>25</nr_of_frames>
<image_width>640</image_width>
<image_height>480</image_height>
<board_width>7</board_width>
<board_height>5</board_height>
<square_size>50.</square_size>
<fix_aspect_ratio>1.</fix_aspect_ratio>
<!-- flags: +fix_aspectRatio +fix_principal_point +zero_tangent_dist +fix_k4 +fix_k5 -->
<flags>6158</flags>
<fisheye_model>0</fisheye_model>
<camera_matrix type_id="opencv-matrix">
  <rows>3</rows>
  <cols>3</cols>
  <dt>d</dt>
  <data>
    9.3278543174189258e+02 0. 320. 0. 9.3278543174189258e+02 240. 0. 0.
    1.</data></camera_matrix>
<distortion_coefficients type_id="opencv-matrix">
  <rows>5</rows>
  <cols>1</cols>
  <dt>d</dt>
  <data>
    -3.7704693170755993e-01 3.0653268026880083e+00 0. 0.
    -8.3357667783563496e+00</data></distortion_coefficients>
<avg_reprojection_error>1.2849207675473824e+00</avg_reprojection_error>
<per_view_reprojection_errors type_id="opencv-matrix">
  <rows>25</rows>
  <cols>1</cols>
  <dt>f</dt>
  <data>
    9.38148439e-01 1.03309214e+00 1.15512216e+00 1.17313838e+00
    1.21334362e+00 1.20342171e+00 1.20145309e+00 1.19141328e+00
    1.12183106e+00 9.99387860e-01 8.19750667e-01 7.53786623e-01
    7.74291217e-01 8.26097488e-01 1.03845203e+00 1.14327121e+00
    1.42808652e+00 1.52172387e+00 1.64771950e+00 1.66232276e+00
    1.67318153e+00 1.61804950e+00 1.66840935e+00 1.67994905e+00
    1.67705047e+00</data></per_view_reprojection_errors>
<!-- a set of 6-tuples (rotation vector + translation vector) for each view -->
<extrinsic_parameters type_id="opencv-matrix">
  <rows>25</rows>
  <cols>6</cols>
  <dt>d</dt>
  <data>
    -1.6135414315281862e-01 9.1535676292140905e-02
    -1.2157656240487354e-01 -2.1380669209454936e+02
    -1.2503532939971879e+02 9.0167865052795571e+02
    -1.1388706297639241e-01 9.2133335287268511e-02
    -3.6414357858641638e-02 -2.0789978592123566e+02
    -1.3687389001360191e+02 8.9977684363202798e+02
    -7.6962441586801503e-02 8.8380453979728130e-02
    2.5125590218838877e-02 -2.0257839535940295e+02
    -1.4762440118143942e+02 8.9943885830420493e+02
    -4.9905156668516595e-02 9.0492894773941526e-02
    6.7994683187170529e-02 -1.9741436267923999e+02
    -1.5842875799489971e+02 8.9997148075272708e+02
    -3.8021069259285618e-02 9.5365951829245801e-02
    9.9242522856072601e-02 -1.9325003638568407e+02
    -1.6799958704161733e+02 9.0253509901527559e+02
    -6.2001663063781572e-03 1.0558029452550043e-01
    1.3112631585272863e-01 -1.8843239373576230e+02
    -1.7696616316913762e+02 9.0267628262454605e+02
    2.2782902063627052e-02 1.1413195651329834e-01 1.6435194064370773e-01
    -1.8304156335279907e+02 -1.8574715562066282e+02
    9.0271407911958238e+02 5.6575846921031445e-02 1.2502545920227745e-01
    1.9650037581586263e-01 -1.7746847505277736e+02
    -1.9390231957643007e+02 9.0310964082457281e+02
    8.6179152244467039e-02 1.3597779668313467e-01 2.2277808213721892e-01
    -1.7223623500739183e+02 -2.0099348037959450e+02
    9.0318945338510935e+02 1.0102043529659759e-01 1.4387862774929749e-01
    2.3443887041496347e-01 -1.6855320482603284e+02
    -2.0521092372451230e+02 9.0231620429807003e+02
    1.1218115706462790e-01 1.4668012495688118e-01 2.2258776493588719e-01
    -1.6768268130241617e+02 -2.0374633370246144e+02
    8.9655462374001092e+02 1.1111735169319338e-01 1.4467881816928088e-01
    2.0858010982076516e-01 -1.6825573760872760e+02
    -2.0056546884284484e+02 8.9264626793217633e+02
    9.5492674040561346e-02 1.2490782423248567e-01 1.7077627423933953e-01
    -1.7046664086425776e+02 -1.9203960282034245e+02
    8.8607031064262685e+02 6.5201639539558487e-02 1.1109213475753138e-01
    1.4884481238948238e-01 -1.7187504751011264e+02
    -1.8765169487990087e+02 8.8542163569850584e+02
    -5.1370285849081231e-02 8.1047365694470172e-02
    9.6709407574028003e-02 -1.7678004248127064e+02
    -1.7939944873589565e+02 8.8992257750017097e+02
    -1.2127532334510570e-01 7.7157540069544103e-02
    6.6647361279762146e-02 -1.8009889353054473e+02
    -1.7501486653806799e+02 8.9342122311971059e+02
    -2.4085162622575995e-01 7.9076627333253491e-02
    4.8016110647308213e-03 -1.8749640935374688e+02
    -1.6649151101847670e+02 9.0030958147006993e+02
    -3.4890104673782313e-01 8.6610484807558993e-02
    -4.8876681265244491e-02 -1.9443095466006451e+02
    -1.6054726916310779e+02 9.0761760605889356e+02
    -4.3589380668442668e-01 9.2764231483410467e-02
    -9.0498756263527574e-02 -2.0064254301294409e+02
    -1.5719443980732012e+02 9.1487354677018220e+02
    -5.0961965078516913e-01 9.7242221491313910e-02
    -1.1844746558998899e-01 -2.0534878451843687e+02
    -1.5602856705286868e+02 9.2148416028306974e+02
    -5.5826723670052525e-01 9.9322325424178015e-02
    -1.3310062165728417e-01 -2.0874567264293219e+02
    -1.5691041218185200e+02 9.2642371153627380e+02
    -5.7980227623283875e-01 1.0021949760011177e-01
    -1.3688641116974423e-01 -2.0990071744904756e+02
    -1.5776607471714308e+02 9.2882308793108439e+02
    -6.1820705290532263e-01 1.0172799265487477e-01
    -1.4225802507879318e-01 -2.1209950230034764e+02
    -1.5965292093447553e+02 9.3413123175970543e+02
    -6.5520540559032781e-01 1.0353801589559364e-01
    -1.4786342071992917e-01 -2.1414526990051280e+02
    -1.6118328780520321e+02 9.3963631316816566e+02
    -6.8836188526229947e-01 1.0413248924189088e-01
    -1.5447584750656132e-01 -2.1603949202635462e+02
    -1.6258630996675390e+02 9.4505964596618264e+02</data></extrinsic_parameters>
